0.000000000000000000e+00 5.770000000000000000e+02 5.100633897916905246e-01 1.000113368034362793e+00 3.757677793502807617e+00 2.390809165799263614e+00 2.910000000000000000e+02 4.422204399883054027e-01 1.001500129699707031e+00 3.758570671081542969e+00 2.378274850775481397e+00
1.000000000000000000e+00 3.170000000000000000e+02 2.223135063906164888e+00 1.000000000000000000e+00 3.976836442947387695e+00 2.862344877673971943e+00 1.770000000000000000e+02 2.181250851369827881e+00 1.000000000000000000e+00 3.793662309646606445e+00 2.853627460992247844e+00
2.000000000000000000e+00 3.870000000000000000e+02 2.767397311490949363e+00 1.000093817710876465e+00 3.851996183395385742e+00 2.742938113825009072e+00 1.710000000000000000e+02 2.884763774275028947e+00 1.000000000000000000e+00 3.802017211914062500e+00 2.771429571725978036e+00
3.000000000000000000e+00 4.720000000000000000e+02 1.648056657112394241e+00 1.000204086303710938e+00 3.845177412033081055e+00 2.628275887170630210e+00 2.360000000000000000e+02 1.670766608218661853e+00 1.953982710838317871e-01 3.734470367431640625e+00 2.629077519493323578e+00
4.000000000000000000e+00 6.090000000000000000e+02 1.049808896219384780e+00 1.001368284225463867e+00 3.765736579895019531e+00 2.422159924781522644e+00 2.950000000000000000e+02 1.055481664301132216e+00 1.001500129699707031e+00 3.746628284454345703e+00 2.421612946929129428e+00
5.000000000000000000e+00 4.180000000000000000e+02 2.251775463157688062e+00 1.000000000000000000e+00 3.825412273406982422e+00 2.780799959493545082e+00 1.820000000000000000e+02 2.217107044783813485e+00 1.000093817710876465e+00 3.774095535278320312e+00 2.778496019270297879e+00
6.000000000000000000e+00 9.220000000000000000e+02 9.594859535692099595e-01 1.000000000000000000e+00 3.761124610900878906e+00 2.420620384027847294e+00 4.280000000000000000e+02 1.024690266293403873e+00 1.001310229301452637e+00 3.836505889892578125e+00 2.421636335107377302e+00
7.000000000000000000e+00 3.050000000000000000e+02 1.981612271893304689e+00 8.516988158226013184e-01 3.819174528121948242e+00 2.703965146434304412e+00 1.230000000000000000e+02 2.059724060702222026e+00 9.195814728736877441e-01 3.814020872116088867e+00 2.696862800982376740e+00
8.000000000000000000e+00 6.440000000000000000e+02 2.734108621292072439e+00 1.000000000000000000e+00 3.844632148742675781e+00 2.826590231792443397e+00 3.120000000000000000e+02 2.712091164944915533e+00 1.000000000000000000e+00 3.814078569412231445e+00 2.816778695026944224e+00
9.000000000000000000e+00 4.250000000000000000e+02 1.372186769822915542e+00 8.516988158226013184e-01 3.813564777374267578e+00 2.618423547936069351e+00 2.290000000000000000e+02 1.424849125077534140e+00 1.953982710838317871e-01 3.833374500274658203e+00 2.624792087340518165e+00
1.000000000000000000e+01 8.010000000000000000e+02 1.119313711897677255e+00 1.002117514610290527e+00 3.814934492111206055e+00 2.422824965664952312e+00 3.710000000000000000e+02 1.107352575173241593e+00 1.000375270843505859e+00 3.746568918228149414e+00 2.423330215093803641e+00
1.100000000000000000e+01 3.780000000000000000e+02 9.141125665470000161e-01 1.000375270843505859e+00 3.733353853225708008e+00 2.466036387991851431e+00 1.980000000000000000e+02 1.007444046987662212e+00 1.029329895973205566e+00 3.773796319961547852e+00 2.485008235223681083e+00
1.200000000000000000e+01 3.190000000000000000e+02 1.888863197634306879e+00 1.000844120979309082e+00 3.839875221252441406e+00 2.736093907405877435e+00 1.660000000000000000e+02 1.995284582067262003e+00 1.052685141563415527e+00 3.816758871078491211e+00 2.763274968069676429e+00
1.300000000000000000e+01 4.360000000000000000e+02 7.091457474075184564e-01 1.000815868377685547e+00 3.771151542663574219e+00 2.434877862434065676e+00 2.260000000000000000e+02 7.194070930341598391e-01 1.001368284225463867e+00 3.816728115081787109e+00 2.442320426581283233e+00
1.400000000000000000e+01 5.080000000000000000e+02 1.318156894869885853e+00 1.000093817710876465e+00 3.761368036270141602e+00 2.408295988392092468e+00 2.620000000000000000e+02 1.353821641744626048e+00 1.001500129699707031e+00 3.667847394943237305e+00 2.416152352660304370e+00
1.500000000000000000e+01 5.240000000000000000e+02 1.793921760659315634e+00 8.530197739601135254e-01 3.782814741134643555e+00 2.637132952483247195e+00 2.560000000000000000e+02 1.864435529018746207e+00 1.024139046669006348e+00 3.810907840728759766e+00 2.646450650533075155e+00
1.600000000000000000e+01 4.660000000000000000e+02 1.833979783651940476e+00 1.002117514610290527e+00 3.841068267822265625e+00 2.615394131994111859e+00 2.420000000000000000e+02 1.835531112670478082e+00 1.011156916618347168e+00 3.748008489608764648e+00 2.613657942100573450e+00
1.700000000000000000e+01 4.430000000000000000e+02 2.030781484093443279e+00 1.000000000000000000e+00 3.790646076202392578e+00 2.794604598471127410e+00 2.110000000000000000e+02 2.037353136331268910e+00 1.000000000000000000e+00 3.833374500274658203e+00 2.802238549055039218e+00
1.800000000000000000e+01 3.620000000000000000e+02 9.960856720570652190e-01 1.015948772430419922e+00 3.756750106811523438e+00 2.439974723619474428e+00 1.910000000000000000e+02 9.515746236579541995e-01 1.414213538169860840e+00 3.714118242263793945e+00 2.430816744711750577e+00
1.900000000000000000e+01 3.370000000000000000e+02 1.688422287082559814e+00 1.000093817710876465e+00 3.840472698211669922e+00 2.734138369526378121e+00 1.850000000000000000e+02 1.658035514568843016e+00 4.440615177154541016e-01 3.774095535278320312e+00 2.728098081991177537e+00
2.000000000000000000e+01 6.220000000000000000e+02 1.956467961146182377e+00 1.000000000000000000e+00 3.976836442947387695e+00 2.711165594693854874e+00 3.320000000000000000e+02 1.931681956972016057e+00 1.005928397178649902e+00 3.759206771850585938e+00 2.714384047642560915e+00
2.100000000000000000e+01 3.720000000000000000e+02 9.648748912915418030e-01 1.000093817710876465e+00 3.799721717834472656e+00 2.416606215394307089e+00 1.590000000000000000e+02 9.189673610634310208e-01 1.004173517227172852e+00 3.745410919189453125e+00 2.404464815282429058e+00
2.200000000000000000e+01 9.450000000000000000e+02 1.511231300325574844e+00 1.000000000000000000e+00 3.789893627166748047e+00 2.419166195550235265e+00 5.000000000000000000e+02 1.469215822968898966e+00 1.001368284225463867e+00 3.773422479629516602e+00 2.411395187364868242e+00
2.300000000000000000e+01 4.680000000000000000e+02 3.504570240816951010e+00 1.000000000000000000e+00 3.854432344436645508e+00 3.078270011283351870e+00 2.350000000000000000e+02 3.395714978452846644e+00 1.000375270843505859e+00 3.791816711425781250e+00 3.059905383926873057e+00
2.400000000000000000e+01 4.830000000000000000e+02 8.829687262646787049e-01 1.002772688865661621e+00 3.747198343276977539e+00 2.342749191264674735e+00 2.560000000000000000e+02 9.051807095792964164e-01 1.414213538169860840e+00 3.742058515548706055e+00 2.348017336583018366e+00
2.500000000000000000e+01 9.930000000000000000e+02 2.314587451048073952e+00 1.000093817710876465e+00 3.858842134475708008e+00 2.737489275765515373e+00 4.490000000000000000e+02 2.325672506497562519e+00 4.440615177154541016e-01 3.788503885269165039e+00 2.735265757056925651e+00
2.600000000000000000e+01 6.050000000000000000e+02 2.157529439892185152e+00 1.000375270843505859e+00 3.761341810226440430e+00 2.555074385687835292e+00 2.780000000000000000e+02 2.193163992225066750e+00 1.011156916618347168e+00 3.783575534820556641e+00 2.566777618843069764e+00
2.700000000000000000e+01 5.680000000000000000e+02 2.307462794367570513e+00 1.000000000000000000e+00 3.791496992111206055e+00 2.816115247333867533e+00 2.710000000000000000e+02 2.322446302573005994e+00 1.000000000000000000e+00 3.799190282821655273e+00 2.814771063983472210e+00
2.800000000000000000e+01 5.160000000000000000e+02 2.086715552954907071e+00 1.000844120979309082e+00 3.821461677551269531e+00 2.750288423028208307e+00 2.420000000000000000e+02 1.983153817268405783e+00 1.007419705390930176e+00 3.836505889892578125e+00 2.743753324156295914e+00
2.900000000000000000e+01 4.600000000000000000e+02 2.077203428025196086e+00 1.000093817710876465e+00 3.845177412033081055e+00 2.828454522991519227e+00 2.180000000000000000e+02 1.999521829119793814e+00 1.000000000000000000e+00 3.790164232254028320e+00 2.827056361848868438e+00
