1.000000000000000000e+00 1.340000000000000000e+02 1.490180653817447576e+00 1.000000000000000000e+00 3.824305295944213867e+00 2.843873488624864443e+00 7.100000000000000000e+01 1.501400948819099801e+00 1.000000000000000000e+00 3.776284694671630859e+00 2.830825425372613058e+00
2.000000000000000000e+00 9.700000000000000000e+01 1.778762352535255165e+00 1.024534821510314941e+00 3.806847572326660156e+00 2.740942499300488944e+00 5.000000000000000000e+01 1.735374577713703736e+00 1.023507475852966309e+00 3.687221288681030273e+00 2.758048583520890773e+00
3.000000000000000000e+00 1.470000000000000000e+02 1.253450992661594210e+00 1.000375270843505859e+00 3.772642374038696289e+00 2.603323046055828094e+00 9.200000000000000000e+01 1.198923485130199751e+00 1.029329895973205566e+00 3.788503885269165039e+00 2.613694997546976762e+00
4.000000000000000000e+00 1.120000000000000000e+02 1.589616554769485601e+00 1.004586935043334961e+00 3.795691251754760742e+00 2.782184812003075436e+00 4.700000000000000000e+01 1.570636560333845244e+00 1.009652376174926758e+00 3.711555480957031250e+00 2.779214889443212932e+00
1.000000000000000000e+01 1.280000000000000000e+02 5.222100329882478631e-01 1.000000000000000000e+00 3.747777223587036133e+00 2.567547850846459756e+00 6.000000000000000000e+01 7.324725433117434958e-01 1.037876844406127930e+00 3.816758871078491211e+00 2.588216199719618249e+00
1.300000000000000000e+01 9.800000000000000000e+01 1.212394376468407531e+00 1.000579237937927246e+00 3.813564777374267578e+00 2.668314968222482264e+00 4.500000000000000000e+01 1.245262924660321735e+00 1.007571339607238770e+00 3.692291259765625000e+00 2.656160159165272816e+00
1.400000000000000000e+01 1.110000000000000000e+02 9.076814536013797508e-01 1.000204086303710938e+00 3.790538787841796875e+00 2.605715738432636375e+00 6.400000000000000000e+01 1.015546863707527114e+00 1.414213538169860840e+00 3.733563899993896484e+00 2.615039314369230983e+00
1.800000000000000000e+01 1.160000000000000000e+02 1.162087495613228993e+00 1.414213538169860840e+00 3.802730083465576172e+00 2.625809385194440626e+00 5.000000000000000000e+01 1.166307961026266105e+00 1.414213538169860840e+00 3.748709201812744141e+00 2.626252742931188155e+00
2.000000000000000000e+01 1.190000000000000000e+02 2.583859893672983965e+00 1.000844120979309082e+00 3.825861930847167969e+00 3.056618011028855442e+00 6.100000000000000000e+01 2.232563732720736382e+00 1.003353118896484375e+00 3.781429290771484375e+00 3.014831315021840208e+00
2.100000000000000000e+01 9.600000000000000000e+01 1.079057361816664340e+00 1.001500129699707031e+00 3.750135898590087891e+00 2.648133881629588071e+00 6.000000000000000000e+01 8.598917561347616534e-01 1.004586935043334961e+00 3.665017127990722656e+00 2.613975093576986986e+00
2.200000000000000000e+01 1.050000000000000000e+02 1.408509586666328861e+00 1.000844120979309082e+00 3.796195507049560547e+00 2.691882355611181943e+00 4.700000000000000000e+01 1.552502748680460121e+00 1.001368284225463867e+00 3.766687154769897461e+00 2.703564836113561576e+00
2.400000000000000000e+01 1.320000000000000000e+02 1.269187530675290221e+00 1.414213538169860840e+00 3.749631404876708984e+00 2.509928789127178650e+00 6.000000000000000000e+01 1.348687973464461454e+00 1.011156916618347168e+00 3.681605339050292969e+00 2.516127400746364540e+00
2.500000000000000000e+01 8.000000000000000000e+01 1.130186582392043615e+00 1.414213538169860840e+00 3.755757093429565430e+00 2.622565107074395385e+00 3.600000000000000000e+01 1.030902080096212092e+00 1.033458828926086426e+00 3.739176988601684570e+00 2.654734058410074482e+00
2.600000000000000000e+01 8.000000000000000000e+01 9.392653165232035528e-01 4.441659450531005859e-01 3.695257425308227539e+00 2.403924048833817384e+00 3.600000000000000000e+01 1.090781987513870233e+00 1.002248167991638184e+00 3.634415388107299805e+00 2.453847813344847584e+00
3.000000000000000000e+01 8.700000000000000000e+01 6.768778592457604937e-01 1.000000000000000000e+00 3.749826669692993164e+00 2.360368976786913375e+00 5.100000000000000000e+01 6.227989480729511085e-01 1.414213538169860840e+00 3.802017211914062500e+00 2.348720842051698288e+00
3.200000000000000000e+01 1.200000000000000000e+02 1.953403844668041289e+00 1.000844120979309082e+00 3.785505294799804688e+00 2.889001785704504943e+00 5.300000000000000000e+01 1.505178665907193514e+00 1.071036696434020996e+00 3.730926513671875000e+00 2.860200247882198621e+00
3.300000000000000000e+01 1.350000000000000000e+02 2.374882096367028961e+00 1.000000000000000000e+00 3.831726789474487305e+00 3.060268474634305402e+00 6.500000000000000000e+01 2.370912639879552142e+00 1.000375270843505859e+00 3.791816711425781250e+00 3.063602614427778814e+00
3.400000000000000000e+01 1.420000000000000000e+02 1.268541327521979234e+00 1.000093817710876465e+00 3.858842134475708008e+00 2.662419773390746425e+00 7.500000000000000000e+01 1.610442182108596798e+00 1.414213538169860840e+00 3.777621030807495117e+00 2.729393341326462163e+00
3.500000000000000000e+01 1.300000000000000000e+02 6.710651513792618150e-01 1.001368284225463867e+00 3.791620254516601562e+00 2.439525146852269621e+00 5.400000000000000000e+01 8.522615361141986368e-01 1.001826524734497070e+00 3.743922948837280273e+00 2.478803374630987211e+00
3.900000000000000000e+01 9.600000000000000000e+01 1.217959236811848145e+00 1.011289238929748535e+00 3.806988954544067383e+00 2.622034057599800683e+00 5.200000000000000000e+01 1.067130974916566277e+00 1.414213538169860840e+00 3.681072950363159180e+00 2.602110717118242711e+00
4.200000000000000000e+01 8.800000000000000000e+01 9.155822947454506089e-01 1.001500129699707031e+00 3.807616472244262695e+00 2.638401788994418684e+00 4.400000000000000000e+01 8.691238545001951366e-01 1.414213538169860840e+00 3.748008489608764648e+00 2.648596533270217712e+00
4.400000000000000000e+01 1.220000000000000000e+02 1.029468698645317204e+00 1.004509210586547852e+00 3.798971652984619141e+00 2.688755894460967966e+00 6.700000000000000000e+01 1.154803766081121230e+00 1.011413335800170898e+00 3.772674798965454102e+00 2.703023663172431146e+00
4.700000000000000000e+01 1.400000000000000000e+02 1.557697728329139775e+00 1.000000000000000000e+00 3.783073186874389648e+00 2.764219444335731080e+00 5.800000000000000000e+01 1.375553215094195592e+00 1.013420939445495605e+00 3.741883039474487305e+00 2.748941534053997771e+00
4.800000000000000000e+01 1.030000000000000000e+02 2.344473961381319693e+00 1.002129793167114258e+00 3.840472698211669922e+00 2.973566610537863308e+00 3.900000000000000000e+01 2.506146914650511537e+00 1.018789529800415039e+00 3.771668672561645508e+00 2.993033458312599482e+00
5.000000000000000000e+01 1.230000000000000000e+02 1.531652844016076376e+00 1.102069258689880371e+00 3.837878704071044922e+00 2.735708221102472137e+00 7.200000000000000000e+01 1.486680054813788399e+00 1.007419705390930176e+00 3.757431268692016602e+00 2.752847287791937880e+00
5.100000000000000000e+01 1.020000000000000000e+02 2.863244100279635496e-01 1.003372073173522949e+00 3.688964843750000000e+00 2.330336031943927910e+00 4.900000000000000000e+01 4.122843278708134829e-01 1.414213538169860840e+00 3.632100820541381836e+00 2.349597044461257944e+00
5.300000000000000000e+01 9.500000000000000000e+01 2.120520406158720839e+00 1.000055670738220215e+00 3.834576845169067383e+00 2.873833952255252289e+00 4.800000000000000000e+01 2.312252640540625404e+00 1.000375270843505859e+00 3.790768623352050781e+00 2.880989924763954324e+00
5.500000000000000000e+01 1.480000000000000000e+02 1.026354041085928648e+00 1.162938237190246582e+00 3.736867904663085938e+00 2.581306590749743446e+00 7.500000000000000000e+01 1.027376951015112061e+00 1.414213538169860840e+00 3.684825420379638672e+00 2.570892261873475526e+00
5.600000000000000000e+01 8.100000000000000000e+01 7.758058455219833949e-01 1.414213538169860840e+00 3.751957893371582031e+00 2.317140581389657505e+00 3.800000000000000000e+01 7.095866716440155653e-01 1.414213538169860840e+00 3.668709516525268555e+00 2.299214304967774680e+00
5.700000000000000000e+01 1.320000000000000000e+02 1.595009946934594858e+00 1.000000000000000000e+00 3.764316082000732422e+00 2.832606430412279774e+00 8.500000000000000000e+01 1.844332313238063570e+00 5.783590674400329590e-01 3.799190282821655273e+00 2.849585097812522339e+00
5.800000000000000000e+01 8.900000000000000000e+01 9.700057805274990841e-01 1.006256937980651855e+00 3.810380935668945312e+00 2.582984491845028874e+00 4.400000000000000000e+01 1.199321687976527606e+00 8.948543667793273926e-01 3.750357151031494141e+00 2.600006310935757625e+00
6.200000000000000000e+01 1.350000000000000000e+02 5.969389785375663893e-01 1.414213538169860840e+00 3.746497392654418945e+00 2.316542673528310559e+00 7.400000000000000000e+01 7.118442257435830811e-01 1.414213538169860840e+00 3.709918498992919922e+00 2.337859402071345016e+00
6.300000000000000000e+01 1.090000000000000000e+02 1.144732119917503788e+00 1.002117514610290527e+00 3.815311670303344727e+00 2.727505078126509108e+00 4.300000000000000000e+01 1.146945410572212110e+00 1.008443593978881836e+00 3.673660755157470703e+00 2.708233479597304871e+00
6.400000000000000000e+01 1.420000000000000000e+02 1.530888063315237968e+00 1.021672368049621582e+00 3.830421447753906250e+00 2.633916630338818177e+00 6.000000000000000000e+01 1.360192944803955140e+00 1.414213538169860840e+00 3.784224271774291992e+00 2.621129676137330389e+00
6.600000000000000000e+01 9.600000000000000000e+01 1.749083688244866375e+00 1.414213538169860840e+00 3.699272155761718750e+00 2.626716791036638909e+00 4.800000000000000000e+01 2.114857188538826094e+00 1.414213538169860840e+00 3.783575534820556641e+00 2.685307849948121550e+00
6.700000000000000000e+01 1.420000000000000000e+02 1.636396104271324869e+00 1.000000000000000000e+00 3.802485704421997070e+00 2.641963921193694720e+00 6.200000000000000000e+01 1.611088291206668410e+00 1.000000000000000000e+00 3.779419183731079102e+00 2.635539205718261169e+00
6.800000000000000000e+01 1.070000000000000000e+02 2.079400553892754466e+00 1.000579237937927246e+00 3.807878255844116211e+00 2.777499355864180508e+00 6.600000000000000000e+01 2.151708901175870547e+00 1.012621760368347168e+00 3.760329723358154297e+00 2.783040605838401849e+00
6.900000000000000000e+01 8.900000000000000000e+01 1.272099878615809754e+00 4.441659450531005859e-01 3.704921722412109375e+00 2.617501824816617528e+00 2.600000000000000000e+01 1.074770604756521086e+00 1.414213538169860840e+00 3.634933471679687500e+00 2.568667689982135016e+00
7.000000000000000000e+01 1.210000000000000000e+02 6.252594197746512705e-01 1.023507475852966309e+00 3.802134275436401367e+00 2.678665642003462466e+00 6.700000000000000000e+01 5.686733696323293952e-01 1.213247299194335938e+00 3.833374500274658203e+00 2.671283857606459033e+00
7.100000000000000000e+01 1.210000000000000000e+02 9.265366187470772674e-01 1.001368284225463867e+00 3.746497392654418945e+00 2.380087945224980572e+00 5.200000000000000000e+01 1.019088509373746509e+00 1.292521357536315918e+00 3.748071193695068359e+00 2.394195891493662298e+00
7.300000000000000000e+01 8.900000000000000000e+01 5.564055252680984998e-01 1.414213538169860840e+00 3.793978452682495117e+00 2.702920241036459892e+00 5.000000000000000000e+01 7.357114922809435686e-01 1.009609937667846680e+00 3.799190282821655273e+00 2.705478947825595171e+00
7.400000000000000000e+01 1.270000000000000000e+02 1.181891097371971622e+00 1.000375270843505859e+00 3.773893117904663086e+00 2.815067542335323303e+00 5.500000000000000000e+01 1.048607596130984199e+00 1.414213538169860840e+00 3.771093606948852539e+00 2.809307137343588945e+00
7.600000000000000000e+01 1.080000000000000000e+02 1.157172725766082877e+00 1.018031716346740723e+00 3.784940004348754883e+00 2.705521763912215771e+00 3.700000000000000000e+01 1.610631592243698673e+00 1.414213538169860840e+00 3.814020872116088867e+00 2.758057786098597308e+00
7.900000000000000000e+01 1.380000000000000000e+02 9.047097325517775568e-01 1.000375270843505859e+00 3.754732608795166016e+00 2.393939563955760796e+00 9.200000000000000000e+01 7.775844950159517266e-01 3.106745481491088867e-01 3.663728952407836914e+00 2.376592556709248960e+00
8.100000000000000000e+01 1.400000000000000000e+02 1.647330852529149459e+00 1.000093817710876465e+00 3.778459787368774414e+00 2.707831261606560957e+00 7.600000000000000000e+01 1.491338159109427020e+00 1.000093817710876465e+00 3.744690418243408203e+00 2.692784728687495299e+00
8.200000000000000000e+01 1.360000000000000000e+02 8.398030064318015020e-01 1.414213538169860840e+00 3.744624614715576172e+00 2.539024702287552948e+00 6.700000000000000000e+01 8.426135840324151527e-01 1.005181908607482910e+00 3.676239967346191406e+00 2.548623863786305677e+00
8.300000000000000000e+01 7.800000000000000000e+01 3.154258853018729880e+00 1.414213538169860840e+00 3.854432344436645508e+00 3.212433146268427464e+00 3.900000000000000000e+01 2.904909190874989555e+00 1.015732884407043457e+00 3.765428066253662109e+00 3.155227010557162259e+00
8.500000000000000000e+01 1.290000000000000000e+02 1.741790842745981172e+00 1.000000000000000000e+00 3.823547840118408203e+00 2.642385767159831200e+00 7.000000000000000000e+01 1.637366582705696461e+00 1.000093817710876465e+00 3.691724777221679688e+00 2.635791868321089471e+00
8.600000000000000000e+01 1.230000000000000000e+02 1.965749800653237234e+00 1.000000000000000000e+00 3.717620372772216797e+00 2.815280721769096495e+00 5.400000000000000000e+01 2.129687561103020155e+00 1.000000000000000000e+00 3.836505889892578125e+00 2.827605150859164862e+00
8.700000000000000000e+01 1.460000000000000000e+02 1.323945864315430043e+00 1.003237247467041016e+00 3.791733980178833008e+00 2.512250370917852749e+00 6.500000000000000000e+01 1.328853076472452654e+00 1.000093817710876465e+00 3.656491041183471680e+00 2.514534326431229427e+00
8.800000000000000000e+01 1.130000000000000000e+02 2.252441073853072684e+00 1.012247800827026367e+00 3.814742565155029297e+00 2.796055393922875609e+00 5.300000000000000000e+01 2.161801368771569365e+00 1.001274585723876953e+00 3.808199405670166016e+00 2.772811166183695608e+00
9.000000000000000000e+01 1.400000000000000000e+02 1.675965891881973313e+00 1.004637718200683594e+00 3.824825525283813477e+00 2.786740924393838803e+00 6.900000000000000000e+01 1.527934581888280574e+00 1.414213538169860840e+00 3.790164232254028320e+00 2.778526384294151441e+00
9.200000000000000000e+01 1.100000000000000000e+02 2.741360706520298063e+00 1.000000000000000000e+00 3.810316801071166992e+00 2.820638945195989677e+00 5.900000000000000000e+01 2.895264807701959597e+00 5.783590674400329590e-01 3.752058744430541992e+00 2.842541290225636175e+00
9.300000000000000000e+01 1.250000000000000000e+02 2.507327200241311616e+00 1.000815868377685547e+00 3.821591615676879883e+00 2.811022320883097780e+00 5.700000000000000000e+01 2.373052344054243257e+00 1.001368284225463867e+00 3.836505889892578125e+00 2.804647379325324152e+00
9.400000000000000000e+01 1.030000000000000000e+02 1.607515622791265919e+00 1.000552773475646973e+00 3.801044940948486328e+00 2.765567767882012529e+00 6.300000000000000000e+01 1.679904962502601240e+00 1.010601758956909180e+00 3.759893417358398438e+00 2.795688788075771480e+00
9.600000000000000000e+01 4.700000000000000000e+01 6.572025760661505123e-01 1.001238822937011719e+00 3.772563457489013672e+00 2.477162032104377243e+00 2.100000000000000000e+01 5.722452550605070520e-01 1.414213538169860840e+00 3.649033308029174805e+00 2.468321830206123835e+00
9.700000000000000000e+01 1.380000000000000000e+02 1.042141943577015617e+00 1.001649379730224609e+00 3.782814741134643555e+00 2.601268563214152785e+00 7.900000000000000000e+01 1.129900156829146463e+00 1.024139046669006348e+00 3.755757093429565430e+00 2.613722065433388586e+00
9.800000000000000000e+01 9.600000000000000000e+01 2.819755656672609856e+00 1.000844120979309082e+00 3.803339242935180664e+00 3.035568844543259370e+00 4.900000000000000000e+01 2.848522639793824140e+00 1.003353118896484375e+00 3.790164232254028320e+00 3.038476783265238623e+00
9.900000000000000000e+01 6.400000000000000000e+01 1.504432330563064912e+00 1.011289238929748535e+00 3.701639652252197266e+00 2.710156277063835883e+00 2.600000000000000000e+01 1.257394169639015846e+00 1.414213538169860840e+00 3.748008489608764648e+00 2.680919429352244698e+00
