6.500000000000000000e+01 2.407075298359183435e+00 1.000375270843505859e+00 3.793648958206176758e+00 2.877279472912650515e+00 2.000000000000000000e+01 2.381936802445614454e+00 1.040309071540832520e+00 3.781429290771484375e+00 2.886857035460107745e+00
2.600000000000000000e+01 8.557143358624893503e-01 1.414213538169860840e+00 3.665072917938232422e+00 2.784993720624643565e+00 1.800000000000000000e+01 1.493736075627005500e+00 1.414213538169860840e+00 3.690279006958007812e+00 2.866295532655112499e+00
5.500000000000000000e+01 2.049082204178421573e+00 1.000093817710876465e+00 3.814742565155029297e+00 2.788755859744587173e+00 2.200000000000000000e+01 2.132781434679452914e+00 1.007010221481323242e+00 3.770607233047485352e+00 2.834207894307707587e+00
3.000000000000000000e+01 1.797909212595197870e+00 1.099539995193481445e+00 3.775128841400146484e+00 2.920273677629896092e+00 1.100000000000000000e+01 1.049422336571330217e+00 1.417222738265991211e+00 3.699227094650268555e+00 2.997051780337932847e+00
2.100000000000000000e+01 2.301970075562665308e+00 1.005928397178649902e+00 3.795274257659912109e+00 3.132601500524563320e+00 1.500000000000000000e+01 2.296198559976851516e+00 1.069482803344726562e+00 3.774095535278320312e+00 3.102293779133538987e+00
3.800000000000000000e+01 1.664814348488528495e+00 1.005461931228637695e+00 3.813564777374267578e+00 2.849978060393338009e+00 1.900000000000000000e+01 1.706161225180727214e+00 1.069482803344726562e+00 3.685558319091796875e+00 2.835714295545828989e+00
5.200000000000000000e+01 1.576988172270571420e+00 1.138802289962768555e+00 3.783575534820556641e+00 2.805172304112767190e+00 2.900000000000000000e+01 1.824048379460833758e+00 1.011784315109252930e+00 3.676749229431152344e+00 2.840237507743334167e+00
6.200000000000000000e+01 2.509676472369785749e+00 1.000297904014587402e+00 3.803339242935180664e+00 3.017341041758691667e+00 3.900000000000000000e+01 2.614024467594982415e+00 1.001500129699707031e+00 3.763995885848999023e+00 3.064655888388418514e+00
1.200000000000000000e+02 2.169743313137251217e+00 1.000297904014587402e+00 3.824825525283813477e+00 2.826136944273663243e+00 5.400000000000000000e+01 1.990235168407479271e+00 1.001500129699707031e+00 3.760329723358154297e+00 2.795592336315208204e+00
3.600000000000000000e+01 2.730272550133256093e+00 1.000093817710876465e+00 3.845177412033081055e+00 3.064035061460747222e+00 2.300000000000000000e+01 2.417271342486821073e+00 1.036851525306701660e+00 3.790649414062500000e+00 3.025681158469261334e+00
1.240000000000000000e+02 1.889398047520546076e+00 1.000093817710876465e+00 3.811423778533935547e+00 2.783916236221511298e+00 5.100000000000000000e+01 1.666098434743144452e+00 1.005181908607482910e+00 3.777829647064208984e+00 2.759068839221920477e+00
1.250000000000000000e+02 2.457225368894480511e+00 1.000000000000000000e+00 3.788664102554321289e+00 2.792245691389981577e+00 6.500000000000000000e+01 2.449439791286227575e+00 1.001666903495788574e+00 3.689711809158325195e+00 2.800960686340248973e+00
1.900000000000000000e+01 2.242465369287347965e+00 1.002800941467285156e+00 3.840472698211669922e+00 3.052574893393388944e+00 7.000000000000000000e+00 2.550433401315203241e+00 1.414357900619506836e+00 3.761623382568359375e+00 3.239955688622020435e+00
2.600000000000000000e+01 2.230302018437227751e+00 1.002800941467285156e+00 3.825861930847167969e+00 2.912447283901284489e+00 4.000000000000000000e+00 1.005647019830355759e+00 1.414810538291931152e+00 3.613972902297973633e+00 2.746193214421403628e+00
1.300000000000000000e+01 2.211682610053805842e+00 1.414515018463134766e+00 3.772563457489013672e+00 2.947099090496243523e+00 4.000000000000000000e+00 1.639024553568781961e+00 1.421055197715759277e+00 3.641002178192138672e+00 2.991950112690569430e+00
2.000000000000000000e+01 2.364400760842678917e+00 1.002117514610290527e+00 3.804184913635253906e+00 3.101227589653165584e+00 4.000000000000000000e+00 1.090327467104330594e+00 1.093420386314392090e+00 3.751957893371582031e+00 3.126494739933422196e+00
2.200000000000000000e+01 1.913205229702383381e+00 1.414213538169860840e+00 3.772250413894653320e+00 2.867928440293603831e+00 9.000000000000000000e+00 9.638805597861228591e-01 1.001500129699707031e+00 3.648852348327636719e+00 2.740475338374269931e+00
1.500000000000000000e+01 1.505262248181062912e+00 1.414213538169860840e+00 3.810316801071166992e+00 2.817790684768289644e+00 6.000000000000000000e+00 1.314854104120747325e+00 1.007571339607238770e+00 3.743647098541259766e+00 2.809845698961350280e+00
1.400000000000000000e+01 2.142764896898129656e+00 1.000000000000000000e+00 3.681284189224243164e+00 2.879301126958170087e+00 6.000000000000000000e+00 2.272429571125326841e+00 1.004586935043334961e+00 3.625879526138305664e+00 2.992102154611931297e+00
1.400000000000000000e+01 1.819871997572718669e+00 1.000000000000000000e+00 3.633779525756835938e+00 2.673009650130480530e+00 1.500000000000000000e+01 1.828320012083276991e+00 1.000000000000000000e+00 3.609072208404541016e+00 2.628297009641372473e+00
1.100000000000000000e+01 2.310180184511065882e+00 1.007289648056030273e+00 3.830421447753906250e+00 2.902779075700249400e+00 7.000000000000000000e+00 1.882263746599509791e+00 1.135460257530212402e+00 3.747299671173095703e+00 2.825963992670971869e+00
1.060000000000000000e+02 2.553801523284119579e+00 1.000000000000000000e+00 3.830414533615112305e+00 3.078702045529190023e+00 4.700000000000000000e+01 2.530197971186851191e+00 1.000000000000000000e+00 3.791816711425781250e+00 3.106139056873651771e+00
1.900000000000000000e+01 2.472484536120976184e+00 1.004100918769836426e+00 3.824305295944213867e+00 3.055425750025846376e+00 9.000000000000000000e+00 2.253750507533609948e+00 1.008157372474670410e+00 3.793662309646606445e+00 3.063994725069424163e+00
6.500000000000000000e+01 1.995229842975590362e+00 1.000375270843505859e+00 3.841068267822265625e+00 2.818500602225660234e+00 2.700000000000000000e+01 2.039169981127494147e+00 1.008157372474670410e+00 3.760350942611694336e+00 2.842484409506531584e+00
2.700000000000000000e+01 2.335561126456814574e+00 1.000000000000000000e+00 3.636648654937744141e+00 2.713610885244161608e+00 1.100000000000000000e+01 2.317178364208877905e+00 1.000000000000000000e+00 3.624507665634155273e+00 2.735054977237208362e+00
1.300000000000000000e+01 2.526796887805651703e+00 1.004680156707763672e+00 3.778031349182128906e+00 2.960686596116891334e+00 5.000000000000000000e+00 1.692415054759416559e+00 1.414213538169860840e+00 3.747930288314819336e+00 2.823673680831384925e+00
1.400000000000000000e+02 2.563429072215754445e+00 1.000000000000000000e+00 3.836216211318969727e+00 3.067149086422924054e+00 7.000000000000000000e+01 2.380539855963017537e+00 1.000093817710876465e+00 3.833374500274658203e+00 3.035335651054041683e+00
2.500000000000000000e+01 2.555672237673272118e+00 1.000144839286804199e+00 3.804406642913818359e+00 3.030760053164841761e+00 7.000000000000000000e+00 1.861052084723189948e+00 1.026176691055297852e+00 3.767032861709594727e+00 2.985024726923784844e+00
7.400000000000000000e+01 2.247626788351683391e+00 1.000000000000000000e+00 3.814412832260131836e+00 2.836663156396380447e+00 3.400000000000000000e+01 2.324024531419919271e+00 1.026176691055297852e+00 3.788503885269165039e+00 2.853574369303880864e+00
2.700000000000000000e+01 2.228925795587952674e+00 1.000000000000000000e+00 3.782641410827636719e+00 2.840282420400671359e+00 7.000000000000000000e+00 1.814341726674328470e+00 1.024485349655151367e+00 3.706645965576171875e+00 2.866846907033564928e+00
8.000000000000000000e+01 2.091433137687515487e+00 1.000000000000000000e+00 3.775944948196411133e+00 2.617063028144559045e+00 3.900000000000000000e+01 2.065485783338374404e+00 1.024485349655151367e+00 3.741883039474487305e+00 2.596152712118898531e+00
1.800000000000000000e+01 2.357803381737360038e+00 1.414213538169860840e+00 3.839948177337646484e+00 2.978225875532565681e+00 7.000000000000000000e+00 1.653753847574305658e+00 1.414279937744140625e+00 3.755757093429565430e+00 2.904950708387420644e+00
7.700000000000000000e+01 2.279464087008524764e+00 1.000000000000000000e+00 3.806075096130371094e+00 2.843192451026911094e+00 4.200000000000000000e+01 2.236301045119485575e+00 1.000000000000000000e+00 3.733138322830200195e+00 2.865831700885477673e+00
2.200000000000000000e+01 1.976857214800595175e+00 1.001274585723876953e+00 3.770293474197387695e+00 3.096786175076033931e+00 1.400000000000000000e+01 2.150094123203107888e+00 1.414478898048400879e+00 3.790164232254028320e+00 3.121429960088593525e+00
1.700000000000000000e+01 2.049268799797582918e+00 1.001274585723876953e+00 3.815336942672729492e+00 2.990953633398082179e+00 1.300000000000000000e+01 2.025681868197715563e+00 1.414279937744140625e+00 3.752737045288085938e+00 2.915546245977239437e+00
5.900000000000000000e+01 2.294717548703654852e+00 1.000000000000000000e+00 3.821591615676879883e+00 2.840583715470533566e+00 3.300000000000000000e+01 2.378241095859441767e+00 1.000051021575927734e+00 3.718607425689697266e+00 2.864284227645130354e+00
1.700000000000000000e+01 2.382855780732850981e+00 1.003259658813476562e+00 3.823472738265991211e+00 3.151613787064758476e+00 4.000000000000000000e+00 2.132014821529079285e+00 1.425381779670715332e+00 3.754133224487304688e+00 3.171912001750192722e+00
2.100000000000000000e+01 2.002553555454670509e+00 1.003259658813476562e+00 3.854432344436645508e+00 2.925216004558584437e+00 7.000000000000000000e+00 2.178952528723020254e+00 1.414279937744140625e+00 3.772674560546875000e+00 2.992781461948288868e+00
2.900000000000000000e+01 2.167998113914204161e+00 1.000000000000000000e+00 3.834576845169067383e+00 2.792968842964374421e+00 1.200000000000000000e+01 2.386375087043248300e+00 1.035839676856994629e+00 3.701150417327880859e+00 2.857156040747132586e+00
8.800000000000000000e+01 2.217410120663015238e+00 1.000000000000000000e+00 3.795976161956787109e+00 2.624951229885076120e+00 4.700000000000000000e+01 1.875851309404509726e+00 1.007253885269165039e+00 3.688003301620483398e+00 2.556745973401803429e+00
1.700000000000000000e+01 2.277181276577412206e+00 1.414213538169860840e+00 3.786124706268310547e+00 2.949261463780020964e+00 4.000000000000000000e+00 2.066141504221285174e+00 1.415181398391723633e+00 3.746052503585815430e+00 2.951987291663947133e+00
2.900000000000000000e+01 2.253899264027525717e+00 1.000375270843505859e+00 3.838730096817016602e+00 2.860821988579422825e+00 1.100000000000000000e+01 2.295784695853284152e+00 1.414279937744140625e+00 3.712305545806884766e+00 2.880452625595533167e+00
1.220000000000000000e+02 1.997197461168259469e+00 1.000093817710876465e+00 3.790230274200439453e+00 2.586879148078208956e+00 6.300000000000000000e+01 1.660936226343193267e+00 1.007810950279235840e+00 3.748071193695068359e+00 2.541091320912403084e+00
1.700000000000000000e+01 2.254841168103182802e+00 1.000375270843505859e+00 3.802105426788330078e+00 2.844853876553870009e+00 6.000000000000000000e+00 1.953033997828131474e+00 1.414810538291931152e+00 3.645319700241088867e+00 2.884011826978220672e+00
5.300000000000000000e+01 1.967219743375123731e+00 1.000375270843505859e+00 3.785000801086425781e+00 2.576065668804023989e+00 3.500000000000000000e+01 2.001393911105882939e+00 1.028965234756469727e+00 3.672755002975463867e+00 2.587513799004933723e+00
2.900000000000000000e+01 2.051087341080845228e+00 1.001958370208740234e+00 3.757954835891723633e+00 2.603271303506258239e+00 1.500000000000000000e+01 1.176533297488568275e+00 1.033365607261657715e+00 3.651515960693359375e+00 2.467572414765816013e+00
